47 11
20 22
28 11
4 36
1 33
19 25
10 7
1 35
48 22
9 43
16 49
24 4
33 24
14 33
39 10
41 38
22 11
11 2
24 17
40 25
3 9
1 15
16 4
0 17
28 11
12 44
10 36
0 44
12 14
29 2
27 22
42 49
35 5
1 12
25 41
37 28
1 40
43 19
47 46
36 25
7 48
22 20
34 22
16 49
37 47
3 14
19 45
15 6
3 16
18 28
9 8
8 12
48 1
32 47
49 18
23 7
19 45
27 5
17 45
4 6
42 7
22 11
5 39
19 8
5 38
36 17
46 44
29 46
47 11
44 47
32 19
6 1
14 35
6 33
30 13
42 22
20 16
35 25
6 4
35 13
44 21
30 40
17 10
37 17
23 33
16 5
2 24
8 16
9 15
1 41
30 45
15 0
12 0
28 18
6 13
31 3
37 14
43 6
26 32
25 49
15 41
7 17
15 15
35 26
32 39
17 12
34 32
15 46
34 43
16 43
8 0
46 47
14 41
4 42
24 31
43 41
23 0
11 40
18 46
17 0
37 36
13 22
19 28
20 5
23 37
48 31
39 46
31 5
38 37
47 12
18 40
5 43
43 16
34 11
15 3
13 2
41 28
26 10
8 47
18 31
36 18
15 27
15 48
32 3
35 31
17 3
23 22
47 16
41 33
29 6
36 43
10 27
23 39
40 32
38 8
15 24
28 32
1 43
30 35
46 15
16 15
19 39
40 18
8 31
1 37
39 37
32 49
16 6
38 6
40 26
16 5
2 45
38 5
40 18
42 39
36 8
4 5
48 44
23 6
27 24
45 16
13 30
18 31
36 8
38 26
35 6
33 39
3 23
47 46
42 39
35 30
0 39
35 0
36 10
8 13
36 3
32 1
33 0
32 21
8 22
49 45
31 33
37 36
6 34
32 0
25 17
30 25
9 17
27 47
29 35
10 15
39 44
16 24
44 1
46 5
23 47
0 4
32 39
41 41
25 23
43 1
43 24
28 2
43 8
49 23
43 11
40 34
8 9
9 2
10 7
9 33
6 12
40 39
1 31
30 27
6 23
30 49
49 10
1 43
18 2
18 14
16 10
48 24
19 9
28 31
16 38
17 23
0 7
14 3
40 44
32 46
19 12
46 19
25 49
14 45
2 34
9 20
44 8
44 16
17 24
49 36
12 16
11 14
25 25
20 15
21 2
12 40
15 8
11 42
9 25
37 11
9 47
33 6
7 29
22 26
4 23
14 18
40 25
35 17
2 5
33 25
7 47
16 24
7 27
16 16
5 6
30 16
5 13
22 12
43 46
40 49
20 5
17 12
32 2
29 35
9 14
10 17
11 28
41 18
8 10
35 15
16 17
31 21
30 6
35 25
4 25
24 26
32 42
38 15
46 20
2 6
34 14
23 46
45 16
16 5
26 1
20 44
18 3
15 1
9 2
26 16
30 1
42 12
45 31
29 43
3 33
49 37
48 24
35 45
43 2
0 19
5 20
14 26
23 31
29 35
36 5
1 16
8 45
30 5
28 12
49 31
45 0
21 45
25 6
40 18
10 42
39 16
12 5
44 38
39 23
25 25
30 28
43 39
23 23
46 2
35 45
35 31
46 6
28 23
13 19
43 23
11 32
41 26
40 35
16 29
10 41
4 41
21 47
30 44
22 28
48 8
24 34
41 22
40 19
47 3
40 40
29 4
24 20
30 14
8 48
43 18
41 49
9 12
48 41
6 21
20 5
31 46
39 22
20 29
43 17
35 34
9 16
38 33
38 20
48 46
18 43
17 9
43 28
23 43
20 29
14 42
36 45
40 27
19 10
7 13
29 44
47 38
10 37
23 48
9 23
47 29
17 14
40 12
42 13
5 14
44 22
8 31
19 48
8 39
8 17
2 39
11 1
29 23
40 3
24 1
26 23
30 43
39 22
7 33
35 15
48 29
37 8
12 6
7 21
45 17
40 49
7 4
2 36
27 44
41 3
45 18
26 25
13 15
47 21
49 34
38 49
14 25
7 28
33 16
49 31
34 40
30 43
44 35
31 23
29 23
29 25
41 5
0 6
23 0
29 24
34 17
23 0
44 32
31 28
49 30
9 35
22 41
30 18
26 11
44 6
34 23
31 27
28 33
36 3
35 15
27 22
33 2
24 27
37 5
7 38
38 16
23 10
10 5
31 36
16 25
44 3
48 27
30 28
11 16
32 48
34 11
20 19
16 47
48 3
2 6
41 40
24 16
3 34
21 34
21 39
11 15
42 11
43 25
39 6
43 23
6 27
37 29
46 3
26 45
8 28
3 1
21 27
19 26
12 40
12 35
31 23
2 24
34 47
1 25
3 44
49 12
24 38
41 22
41 17
19 49
47 22
2 20
2 21
46 14
13 8
1 44
31 3
20 17
1 21
43 6
18 44
18 44
32 11
18 25
28 38
26 28
12 28
48 14
49 45
30 12
3 31
6 35
37 29
4 40
2 47
46 22
41 17
16 25
28 35
2 9
25 28
37 37
6 35
4 7
30 34
19 36
18 28
23 5
7 27
47 9
25 45
34 18
12 0
46 43
37 48
4 14
27 41
2 35
28 8
43 11
42 12
47 12
42 20
19 49
47 16
11 24
12 45
45 26
47 41
21 37
39 25
1 18
18 5
4 47
13 47
8 8
11 5
20 4
27 40
5 26
6 18
1 20
15 46
47 13
37 18
2 28
46 3
47 14
9 1
11 24
0 19
32 11
26 3
17 5
43 23
32 1
43 33
22 9
31 21
24 20
41 26
48 37
29 45
2 40
46 13
15 46
35 47
10 13
0 27
21 45
2 3
49 46
38 21
5 19
44 29
39 35
5 37
23 36
35 27
27 33
42 44
32 29
41 42
45 44
19 16
41 24
19 40
20 9
13 25
28 7
6 19
45 11
8 20
47 43
47 26
27 39
20 11
21 14
3 16
8 24
32 1
48 3
42 20
12 5
45 40
15 1
11 10
14 19
30 14
15 27
42 44
18 13
5 41
29 10
7 37
34 39
40 35
42 32
5 6
38 3
46 5
6 9
15 23
29 45
37 46
24 29
40 44
44 47
36 23
7 43
12 43
35 3
28 29
35 36
36 25
41 34
30 47
44 47
20 25
42 9
21 18
39 11
13 35
8 1
9 15
46 21
10 31
26 39
13 14
27 49
39 18
35 22
15 29
19 38
6 14
47 27
32 38
40 47
24 48
48 35
15 45
8 26
28 35
17 41
49 44
42 40
12 30
12 29
11 34
17 18
48 17
45 32
5 36
30 31
36 28
16 4
25 25
32 6
12 49
49 11
45 42
1 9
24 16
38 35
0 8
3 0
25 49
32 32
37 12
14 23
43 32
27 18
7 9
26 19
10 26
32 7
20 36
16 44
2 7
29 4
17 33
4 44
34 36
26 21
1 42
46 44
25 24
14 34
35 41
6 48
17 40
5 37
26 24
31 30
31 12
34 48
47 40
44 31
29 20
4 30
15 1
26 42
27 40
28 14
33 36
12 0
27 20
39 5
46 22
36 27
37 20
27 34
13 21
18 42
43 22
22 10
23 48
2 2
40 33
17 24
19 31
26 48
3 18
4 49
42 40
28 29
12 7
14 25
30 32
17 26
6 41
36 32
41 41
34 34
24 3
10 43
35 36
42 40
6 46
42 49
38 20
28 2
30 44
28 10
26 47
36 35
41 25
17 32
16 1
18 40
5 28
35 42
17 27
34 23
25 26
24 15
47 3
18 29
49 46
39 28
45 28
13 36
3 30
21 19
31 41
11 38
20 46
30 37
26 17
12 1
43 37
17 42
40 35
21 41
33 11
19 30
39 32
19 44
12 42
13 46
33 24
34 3
22 17
42 48
34 5
0 27
42 19
22 34
6 43
25 41
4 45
21 45
29 42
41 44
34 4
40 20
30 26
23 5
45 18
3 29
23 5
9 17
24 31
1 32
26 28
25 33
25 47
28 5
41 20
49 26
26 41
46 9
19 21
14 15
41 19
46 14
25 5
33 1
38 34
36 17
15 11
0 40
10 30
47 2
2 48
28 29
39 26
40 9
49 6
24 41
25 20
7 2
28 41
4 18
27 40
35 42
1 37
33 12
18 32
14 20
31 44
1 20
22 41
31 23
49 7
14 25
30 24
27 8
15 33
28 44
23 16
37 27
3 22
39 23
4 5
44 35
1 45
8 25
39 39
48 38
49 15
13 29
41 43
39 8
26 19
2 2
35 41
29 41
13 20
14 20
25 8
7 28
6 15
5 45
7 5
33 8
22 47
37 13
42 26
21 20
45 26
22 33
17 1
24 33
21 40
3 48
1 12
28 7
30 33
2 39
41 35
47 13
34 34
27 28
12 0
49 9
26 21
42 44
23 18
27 46
9 32
47 12
46 25
19 26
11 23
17 2
8 14
17 45
0 44
23 14
45 22
24 23
46 18
17 21
37 46
17 48
30 16
12 29
42 31
7 5
4 25
9 14
41 26
9 42
23 35
8 20
9 32
43 5
1 13
26 40
11 46
40 42
12 2
23 6
35 30
13 39
5 22
5 47
49 15
41 22
2 49
42 11
34 37
17 37
0 45
27 12
41 19
6 6
23 29
14 8
9 28
47 17
2 2
16 1
19 9
25 21
10 19
33 44
7 2
31 7
47 10
21 41
31 27
49 4
8 15
12 20
43 11
37 46
16 5
49 37
16 27
9 26
46 44
21 5
48 4
15 47
17 36
40 0
16 41
5 24
7 19
44 0
31 33
48 49
40 0
36 6
27 47
33 25
41 6
33 41
12 48
39 31
36 29
32 2
21 37
29 28
8 25
30 39
11 31
40 1
33 27
8 10
24 43
37 18
49 20
9 13
20 48
45 9
30 27
13 3
16 42
33 24
20 15
16 31
46 6
32 29
33 42
41 10
35 31
28 36
3 39
0 26
40 45
35 20
22 48
25 40
43 8
14 13
23 30
46 22
39 28
3 22
23 47
34 8
28 14
47 31
4 47
9 44
44 44
16 18
45 41
8 40
1 22
5 24
5 1
48 44
31 2
18 4
1 3
13 29
19 12
12 23
9 22
17 3
18 33
21 13
26 29
3 27
3 8
4 10
11 2
6 43
6 25
47 7
30 12
38 49
24 3
23 33
27 42
38 45
28 11
11 4
42 16
34 48
27 38
8 38
42 15
33 49
42 31
8 22
45 49
23 20
2 48
5 31
41 46
28 21
7 39
27 0
8 11
48 37
49 8
27 42
23 11
43 15
44 3
39 39
2 13
9 6
11 17
37 4
13 16
27 22
7 5
24 17
16 22
4 18
33 32
12 6
45 5
24 39
8 13
28 13
26 40
19 40
9 7
46 22
25 24
46 32
31 21
0 49
45 6
17 28
38 31
37 33
36 11
22 47
24 3
10 3
43 31
45 2
38 41
26 13
17 24
48 48
45 0
0 43
6 19
21 47
1 10
32 39
21 7
36 48
10 48
3 5
30 48
9 20
41 35
36 9
9 34
9 7
34 9
0 42
31 23
39 32
36 22
21 7
29 10
7 41
8 10
46 40
8 5
11 0
42 47
11 3
33 22
10 19
34 12
13 15
38 3
47 24
27 18
33 6
28 41
49 39
1 45
29 12
0 42
14 44
41 25
47 26
49 8
47 33
22 11
0 10
14 47
36 41
18 20
49 48
13 48
39 16
45 21
28 45
15 44
41 7
21 38
35 21
46 33
6 21
44 7
31 8
6 20
1 26
42 2
27 5
2 16
23 47
39 2
44 5
48 35
14 20
23 49
41 22
32 47
43 26
6 26
36 15
46 39
41 38
43 20
45 45
37 19
42 28
23 36
33 21
21 47
41 45
49 32
19 31
32 12
10 40
38 48
5 35
40 47
25 33
17 21
29 6
42 21
35 15
10 20
36 33
20 30
30 19
14 49
0 46
11 12
37 0
13 44
37 3
41 14
36 11
37 17
19 29
41 6
44 1
27 33
36 49
13 17
18 29
16 20
26 28
33 15
30 46
9 19
1 3
33 39
16 21
7 37
2 0
44 47
3 23
32 39
22 47
6 40
26 25
12 4
5 47
21 37
45 33
6 46
36 41
36 4
14 45
41 17
47 37
16 0
10 48
41 34
47 0
26 23
25 39
30 32
36 1
19 32
34 27
30 22
18 18
26 35
15 20
2 12
7 18
12 18
16 6
4 15
6 31
38 31
22 18
13 8
22 34
42 6
11 23
29 31
41 7
16 9
27 18
21 37
38 36
7 6
42 11
21 48
42 10
31 16
30 46
25 2
32 19
11 43
42 42
26 36
49 43
45 29
13 18
16 4
4 25
10 48
36 32
46 31
44 29
47 26
27 24
31 9
44 42
2 38
36 31
24 37
24 21
16 39
42 34
43 46
9 6
47 48
38 43
31 34
25 28
10 2
3 41
12 49
35 16
37 21
47 14
9 23
37 27
15 29
12 8
28 23
16 25
23 4
20 4
38 45
35 49
0 40
42 12
39 28
28 28
49 28
42 8
1 30
36 16
11 0
27 39
25 43
16 49
0 37
5 38
34 40
39 34
32 34
46 21
12 27
0 13
5 44
24 6
24 12
25 38
14 2
27 39
47 44
40 47
33 48
38 17
40 27
2 23
13 48
44 27
27 46
41 32
41 17
41 17
29 16
5 43
20 35
34 19
31 27
17 14
27 5
31 17
34 35
40 48
36 37
25 13
35 18
48 28
35 39
48 16
7 5
11 29
40 46
48 23
25 15
39 2
22 23
21 9
8 14
9 44
3 34
8 38
5 6
19 40
47 17
7 6
22 20
35 15
18 35
38 43
3 28
47 25
1 21
34 11
35 43
6 38
30 16
28 37
24 47
27 21
14 36
29 37
7 14
2 25
49 42
21 2
20 20
30 23
41 16
35 28
12 43
18 44
11 47
31 35
46 10
8 11
49 37
0 6
3 4
33 4
46 6
9 19
27 41
44 20
7 31
1 21
26 19
15 37
18 48
22 15
9 32
28 8
19 30
16 24
34 1
29 32
8 38
3 37
29 0
7 38
31 8
10 8
30 27
47 48
26 20
13 35
2 43
45 24
23 11
48 9
12 27
42 22
17 47
9 48
47 19
37 29
29 49
39 9
26 36
8 4
8 23
41 13
17 36
37 42
49 35
2 14
15 46
36 34
43 48
33 41
17 22
22 46
23 13
8 49
1 18
6 10
43 47
23 12
36 12
5 35
47 7
1 14
3 38
49 48
36 34
39 5
6 13
1 31
26 11
32 30
29 38
40 23
36 15
35 22
27 42
9 26
49 11
43 4
1 44
5 37
28 46
44 36
10 47
17 38
9 49
18 38
38 10
13 26
27 1
0 4
43 11
33 43
22 26
49 25
20 4
14 0
1 8
36 13
6 5
1 15
6 22
5 44
34 19
22 12
22 24
18 15
36 1
10 10
29 12
36 1
16 0
1 19
9 39
34 17
44 36
32 1
10 39
47 44
10 22
6 32
46 25
48 32
28 8
45 8
20 31
11 39
33 13
10 44
4 45
11 49
33 45
2 43
35 1
39 45
23 48
28 22
23 28
6 3
38 1
13 9
34 25
0 18
38 10
12 42
7 26
43 40
21 47
35 8
1 25
4 26
23 34
48 48
14 5
3 2
8 17
13 43
42 13
13 32
26 27
26 35
3 20
26 27
19 11
35 20
38 41
47 11
27 47
11 41
4 15
44 13
32 9
8 26
25 23
8 3
0 34
38 6
6 14
33 26
28 20
48 16
14 47
30 41
45 43
35 49
8 31
14 42
40 24
20 15
47 28
18 48
15 9
6 21
23 41
49 3
11 48
20 27
45 2
19 42
45 6
44 4
37 8
48 27
33 19
45 32
49 15
32 14
24 38
38 0
29 39
3 43
37 23
20 35
27 41
29 23
47 23
29 36
32 27
16 17
48 11
1 48
28 34
14 3
22 2
3 4
42 8
49 31
34 21
18 11
13 48
34 12
21 13
49 5
43 17
24 41
28 26
41 8
12 6
11 36
10 16
40 4
25 41
36 11
13 4
22 26
4 7
40 28
22 41
33 17
8 10
11 38
36 2
47 0
10 8
36 23
27 27
27 4
20 13
15 33
20 39
9 26
46 2
4 21
43 40
38 4
0 1
42 38
4 39
38 16
0 24
39 27
3 17
33 24
32 0
7 4
39 19
31 36
21 37
9 16
27 49
20 27
1 13
17 7
4 5
23 4
30 15
33 35
34 16
9 18
16 19
25 6
38 6
44 11
45 5
27 23
4 0
2 5
15 20
12 19
27 38
24 7
5 9
45 41
26 4
9 44
23 34
0 13
42 46
24 38
1 4
13 6
4 17
13 21
37 28
40 17
18 16
24 23
26 21
14 4
26 25
48 1
10 1
15 4
49 39
42 1
43 7
9 49
25 24
20 14
2 13
31 20
29 8
45 7
29 11
11 5
37 12
9 49
13 24
3 12
15 46
15 9
5 26
10 30
1 33
45 3
46 26
26 27
36 21
35 16
33 48
23 22
10 32
21 25
6 24
40 22
22 7
33 28
34 45
10 35
28 5
40 26
34 16
6 20
40 41
38 23
41 12
47 2
46 18
29 3
44 19
27 17
27 12
47 13
7 7
48 38
13 38
16 49
5 22
21 45
15 10
20 7
24 17
9 20
37 40
25 31
12 4
48 39
16 45
4 26
5 2
16 18
42 32
19 49
5 40
46 20
2 18
27 28
37 38
1 24
31 28
8 43
33 8
34 1
6 38
27 11
42 43
29 34
28 0
36 35
42 32
5 45
1 35
25 40
25 26
15 6
5 25
1 40
33 35
41 39
23 19
0 17
14 31
4 44
31 40
29 24
24 35
21 27
22 48
18 49
25 35
8 32
10 9
22 43
47 13
35 20
34 37
40 1
19 44
45 2
34 25
28 8
12 1
36 36
0 4
35 27
41 45
9 1
5 31
46 2
46 31
24 31
19 14
32 40
10 29
42 44
4 23
5 16
24 41
2 26
47 40
3 40
35 12
41 42
45 39
44 42
21 21
25 42
37 9
34 48
38 28
44 43
1 49
11 28
42 16
4 41
6 8
31 41
22 22
36 20
14 32
14 37
3 39
29 43
0 15
41 38
43 35
33 45
37 47
25 29
13 29
21 21
39 4
14 14
29 0
34 43
33 48
30 38
39 11
31 39
26 24
29 19
12 15
16 49
12 41
30 27
23 3
48 14
8 12
30 37
13 16
32 48
16 12
36 5
23 18
46 49
42 28
20 6
43 39
5 7
32 38
36 5
41 34
22 49
48 4
38 13
21 20
11 37
34 0
45 7
20 43
8 14
21 31
21 16
20 26
25 2
14 11
10 8
47 34
9 46
38 48
11 9
20 23
49 5
25 46
14 45
39 23
9 13
4 30
31 26
9 9
28 25
22 38
33 20
22 43
18 13
43 29
22 13
4 23
18 31
21 33
26 11
8 36
26 14
16 9
40 27
20 18
3 43
9 36
15 33
29 35
46 22
14 21
38 21
44 8
4 16
43 31
29 1
17 7
17 35
18 7
13 39
28 18
32 37
4 49
20 36
34 17
10 0
38 48
23 34
9 28
2 2
9 33
6 28
40 23
15 11
33 30
0 11
48 34
0 5
33 20
41 17
39 1
19 29
2 43
14 11
21 18
15 30
2 21
10 44
45 25
5 30
8 7
41 6
41 41
11 26
13 4
45 3
8 15
32 10
8 48
23 29
17 38
11 21
10 21
15 7
48 21
37 6
30 30
15 22
21 28
0 36
33 46
39 41
11 24
3 21
24 26
0 41
14 13
12 26
36 30
33 34
3 22
43 33
2 8
7 25
38 8
12 23
6 3
16 19
27 19
40 2
47 42
45 12
5 10
40 41
40 24
27 45
48 20
28 3
30 38
28 21
46 42
44 4
46 11
23 25
32 15
29 30
9 25
42 16
37 34
9 29
8 36
24 9
9 4
12 41
42 42
12 40
35 9
44 31
20 19
6 2
34 36
32 45
13 26
11 2
11 20
31 21
9 7
32 18
11 44
11 4
37 26
44 22
35 41
5 7
10 11
11 47
49 46
42 14
24 4
18 35
26 1
9 35
8 41
5 22
38 17
28 27
45 24
49 32
15 6
39 28
19 2
25 19
48 19
35 23
25 4
10 2
7 21
39 18
15 45
40 3
14 20
30 11
44 31
43 12
37 32
40 6
34 17
27 35
38 15
8 14
21 20
18 28
42 9
46 7
4 38
12 20
8 44
31 5
25 24
17 14
8 9
22 45
26 0
32 14
17 40
30 38
12 0
18 4
10 15
13 16
5 25
37 16
19 20
21 46
47 38
10 7
47 33
4 25
35 36
41 4
28 22
42 41
24 12
45 34
27 9
1 35
36 40
1 6
10 22
2 9
12 15
17 11
0 23
36 35
10 27
41 38
1 33
29 26
45 27
12 25
38 13
12 24
5 13
32 18
37 35
27 49
0 46
10 0
22 48
37 32
27 28
22 29
13 4
7 10
33 21
37 21
37 1
47 42
14 30
10 3
17 40
2 17
38 14
19 10
12 8
44 42
38 19
21 3
23 30
15 6
1 3
29 40
6 26
33 21
8 45
26 25
37 29
44 28
45 13
40 10
23 35
2 13
6 25
16 29
7 32
37 10
37 18
1 43
44 34
16 5
31 43
30 19
24 25
47 21
40 37
31 14
24 35
27 30
12 46
11 19
30 0
30 19
18 33
12 15
17 31
20 0
26 0
19 2
25 18
23 18
8 7
32 34
44 11
17 7
7 28
28 37
31 8
6 49
41 21
14 10
4 34
11 32
37 32
34 12
3 7
32 11
16 14
47 11
28 14
18 35
45 48
25 26
7 33
25 0
6 42
13 12
26 26
44 13
10 28
28 13
38 10
26 4
27 26
17 5
40 37
42 37
36 19
13 43
5 41
45 11
33 10
24 11
36 20
27 49
49 5
14 37
17 41
43 46
17 11
3 9
48 46
49 34
17 12
29 22
5 27
34 40
37 10
2 26
30 31
25 31
38 39
20 5
32 14
4 1
25 7
13 25
5 12
10 23
26 39
45 34
16 31
24 6
43 28
32 26
9 9
7 47
0 28
5 33
44 9
36 21
18 1
46 24
13 8
47 42
48 42
26 16
26 0
24 19
31 6
45 40
17 3
40 18
33 47
3 29
8 41
0 26
43 46
0 6
5 49
48 5
44 24
23 20
27 0
39 10
8 35
0 26
40 42
46 25
39 49
4 49
40 6
26 35
4 28
42 11
28 42
16 22
19 42
42 48
42 33
8 0
20 10
28 10
5 24
37 44
25 43
46 18
49 22
3 4
0 47
15 30
42 34
2 13
28 46
11 22
30 21
22 2
31 3
13 36
29 2
33 5
46 29
23 45
3 28
1 5
26 17
36 20
3 40
33 31
39 44
3 19
17 27
23 48
30 36
37 10
41 20
17 37
1 42
34 4
20 36
9 48
5 47
18 8
38 3
39 27
47 44
48 14
21 21
15 2
10 2
14 1
24 31
40 25
23 26
31 45
12 42
44 19
40 14
29 28
18 18
7 17
12 7
34 36
28 1
40 40
3 4
41 29
37 33
6 12
10 39
7 24
31 3
46 21
20 25
1 38
46 10
7 10
17 43
46 48
44 36
38 49
42 32
28 29
15 36
41 27
25 1
4 7
6 0
30 26
25 34
16 21
44 24
32 12
17 28
12 14
15 0
13 7
32 42
39 0
28 32
29 4
33 33
13 42
33 43
18 9
27 37
32 24
13 14
36 32
43 0
46 10
0 10
19 35
2 8
37 32
41 16
38 26
2 1
20 35
47 39
46 24
28 29
48 41
45 36
23 38
38 20
0 39
30 20
26 34
30 13
16 23
31 7
0 33
10 20
21 7
11 19
34 39
0 34
32 46
23 6
36 11
26 37
0 8
7 28
42 39
41 10
13 25
17 13
10 28
35 33
37 49
5 21
40 5
8 23
3 31
29 40
42 7
27 45
15 36
23 7
25 17
17 38
44 37
3 4
17 41
40 6
42 45
28 32
0 38
5 6
19 36
46 13
43 25
10 8
13 34
17 40
3 37
31 47
24 34
3 43
27 43
49 19
38 29
2 41
17 9
47 38
46 45
2 39
20 12
0 33
48 17
23 3
4 4
2 30
41 6
25 20
1 25
40 42
6 44
33 24
3 32
14 1
27 16
43 49
29 43
34 29
12 7
33 17
14 35
49 7
43 25
27 45
2 19
37 8
13 22
34 19
6 49
20 35
17 15
34 46
8 18
28 21
27 11
40 43
48 39
0 42
16 30
37 18
49 26
29 15
0 15
36 8
14 8
43 32
24 29
30 32
49 8
5 28
21 47
22 20
39 24
12 5
4 1
26 6
29 5
23 31
20 9
39 37
17 32
21 41
13 1
26 12
12 31
40 33
29 14
3 18
39 17
25 45
18 1
3 49
8 26
30 29
35 19
18 3
3 39
44 16
40 20
30 4
4 21
38 35
37 43
5 26
11 30
24 31
34 27
31 42
4 11
21 41
33 41
44 36
30 41
5 23
13 35
27 17
8 17
4 48
11 9
24 24
42 0
5 26
30 38
18 36
2 42
27 35
33 24
23 14
15 30
39 30
18 16
0 26
36 4
24 47
14 1
23 6
3 30
32 33
19 2
19 23
44 49
10 30
23 33
44 40
14 35
20 32
1 20
10 39
27 37
36 41
40 11
49 43
42 33
29 13
35 0
36 30
49 46
10 24
31 6
16 47
41 39
31 44
11 44
34 38
31 22
29 23
36 30
18 28
13 47
43 49
0 31
31 49
29 41
26 10
49 42
10 42
31 41
38 43
35 24
31 18
49 13
41 35
43 12
15 7
9 8
8 9
39 39
11 20
32 37
32 33
31 42
25 13
36 15
8 23
42 41
42 41
4 35
26 0
47 43
9 9
1 17
20 42
8 33
12 40
20 44
23 4
39 0
19 25
15 27
48 7
20 42
0 27
28 28
27 27
21 38
38 24
5 9
16 13
42 30
5 15
27 28
19 16
30 40
43 47
17 43
5 39
36 7
16 16
36 43
43 7
31 32
32 38
43 0
3 35
33 8
2 10
36 23
28 18
13 21
16 32
14 23
22 2
30 38
18 16
32 14
26 15
48 10
4 41
12 7
28 45
16 33
7 4
6 35
23 20
6 41
2 23
14 24
25 44
13 46
13 47
12 41
12 10
3 18
3 15
26 33
13 44
16 20
0 23
6 25
45 14
16 47
39 30
24 17
27 37
13 42
36 25
33 48
37 36
17 42
3 45
25 16
41 44
39 41
17 45
17 12
11 35
11 1
16 35
18 43
24 33
35 10
10 20
11 49
8 28
41 11
25 16
30 16
10 19
9 29
16 26
43 27
12 5
30 30
42 0
25 17
33 12
27 45
32 38
44 42
18 37
5 45
6 35
11 18
6 21
48 24
49 43
4 13
48 34
43 43
35 20
10 20
32 39
18 16
28 12
8 48
2 14
44 8
1 7
26 10
28 24
34 30
20 38
43 20
25 39
13 12
9 23
34 42
15 2
10 45
17 19
43 19
33 39
27 36
47 3
46 27
30 31
7 0
21 3
22 46
42 36
10 3
11 45
45 26
47 8
21 14
27 17
35 12
6 12
48 3
18 47
31 0
30 38
2 1
43 24
0 35
12 12
39 24
7 36
2 5
44 24
21 23
41 9
35 47
23 36
3 41
33 34
43 13
24 45
16 18
22 18
5 34
31 46
10 38
33 13
45 29
37 19
3 30
28 40
29 1
28 32
45 11
18 38
26 45
36 45
13 10
15 18
46 46
15 7
37 0
20 34
31 9
3 36
41 31
27 20
35 5
5 30
19 25
20 47
20 8
44 33
20 10
4 17
6 21
24 45
23 46
30 4
5 33
41 48
17 20
20 4
27 25
36 48
3 6
46 23
17 40
9 37
0 13
4 9
36 30
4 9
26 34
13 33
20 6
31 39
26 2
43 6
29 29
4 32
37 2
8 4
45 17
44 47
32 48
6 20
31 13
29 7
49 44
43 19
1 26
8 29
30 1
37 10
32 42
44 20
44 4
24 41
21 20
39 5
19 45
25 2
10 6
11 10
1 4
29 4
33 40
35 13
43 23
25 26
17 20
48 13
26 24
5 0
45 44
5 16
41 33
18 2
39 29
12 42
36 43
46 19
33 34
32 29
9 8
7 26
30 5
39 6
29 46
6 24
40 14
40 32
47 10
36 38
40 48
31 28
41 29
47 27
13 29
8 22
39 15
0 21
20 42
28 1
38 36
28 29
2 20
13 49
31 49
38 23
49 21
1 42
0 48
21 16
29 29
40 21
44 41
42 16
33 22
18 23
11 46
4 13
16 17
13 49
18 3
22 19
24 23
12 26
23 33
42 3
15 35
26 9
26 18
26 11
41 44
34 2
42 41
15 8
10 30
8 29
35 32
0 11
6 14
38 31
0 32
36 15
17 12
24 45
31 2
6 24
48 43
26 40
36 43
1 46
24 11
27 11
43 28
23 1
42 13
33 44
45 19
9 13
32 36
10 15
40 19
39 39
14 15
31 0
10 32
46 36
43 24
48 39
2 21
40 46
36 25
43 31
45 2
46 29
40 7
44 33
26 33
22 40
0 3
40 10
36 36
47 31
12 45
20 14
18 13
13 6
38 6
37 35
10 36
14 3
43 8
36 21
43 8
13 43
13 5
4 1
43 3
35 6
0 5
22 20
20 35
26 11
43 13
46 6
1 11
9 44
21 45
17 15
5 30
10 20
35 16
22 31
19 7
37 21
14 9
41 37
47 17
48 40
33 44
46 34
5 7
31 29
4 48
46 11
31 6
32 18
25 6
49 44
13 36
18 29
46 9
16 45
27 14
37 12
11 34
46 18
43 27
47 48
28 43
9 9
2 43
27 27
49 27
23 14
15 41
44 13
1 12
8 30
29 46
42 40
32 40
8 25
20 6
23 48
1 35
7 3
28 36
32 30
15 6
44 31
47 40
44 0
5 5
32 34
1 26
24 33
17 34
10 37
42 36
35 44
21 44
49 1
32 34
31 48
40 28
29 39
20 25
42 25
30 24
9 33
3 35
18 20
20 29
9 12
15 46
8 38
42 10
41 24
44 23
22 36
3 3
27 23
29 19
1 9
46 10
43 49
48 11
21 20
42 30
34 9
26 43
47 18
5 39
42 49
14 17
37 19
20 14
42 49
34 45
11 30
8 6
31 6
19 2
26 14
32 10
23 10
5 21
30 10
12 24
11 26
41 48
47 14
13 39
13 49
37 26
31 45
34 12
1 6
14 29
20 48
41 43
10 49
16 40
11 28
14 25
6 8
23 3
22 38
45 37
37 32
16 18
29 0
32 30
6 48
11 28
46 4
24 8
3 40
48 15
21 15
40 29
25 15
35 47
6 32
36 43
16 2
14 45
3 46
27 11
45 38
42 43
42 16
2 48
8 2
13 29
19 5
11 44
22 46
43 28
28 30
22 44
32 38
39 37
36 16
1 33
6 43
29 0
9 31
48 17
35 11
49 5
18 10
1 41
6 45
19 36
25 43
30 7
33 21
47 20
37 48
3 45
41 34
45 2
15 44
19 3
7 20
8 26
30 9
19 38
6 40
24 31
34 6
41 19
27 38
39 16
36 45
11 29
29 9
31 47
3 0
0 12
23 10
38 3
21 9
44 28
0 20
9 36
27 0
5 6
40 47
25 28
42 38
7 23
47 38
20 0
41 22
15 14
32 5
19 4
15 13
32 17
36 43
3 13
46 10
21 36
7 46
17 1
35 24
27 32
13 49
35 6
22 2
20 6
7 41
12 22
5 44
39 43
40 44
6 36
7 29
24 14
26 41
18 13
16 45
47 31
44 34
37 18
36 9
25 44
0 37
18 7
34 10
0 24
4 8
12 11
38 36
28 16
28 46
31 46
43 28
29 37
15 18
6 1
29 33
47 29
20 16
39 4
26 41
30 32
2 42
44 42
29 24
8 9
22 41
7 15
19 36
4 34
6 12
38 35
45 35
16 16
1 5
22 27
49 3
10 1
45 6
43 26
32 3
37 4
44 44
21 15
32 25
2 38
38 40
25 35
27 42
1 29
47 26
8 48
29 20
49 26
28 44
5 10
49 42
16 43
39 37
11 23
15 13
14 5
5 39
40 32
31 42
13 31
18 24
29 49
44 31
25 25
25 30
37 25
25 4
20 14
43 31
37 8
46 1
13 1
41 4
36 24
48 49
5 18
23 35
17 20
16 44
47 43
25 34
20 0
40 41
16 34
24 3
44 23
7 8
24 0
14 12
24 14
12 32
32 37
17 49
9 35
45 6
30 22
41 1
24 33
44 40
17 20
46 12
43 5
22 20
5 38
32 31
2 44
13 34
34 32
35 43
17 30
0 0
3 43
3 27
26 47
20 46
17 16
10 11
21 32
33 28
20 15
9 24
10 23
8 46
5 45
39 25
25 41
27 30
36 30
10 15
27 30
13 46
48 23
9 21
7 42
49 29
8 10
3 20
35 13
18 43
8 7
20 35
1 47
18 39
27 28
4 6
10 17
4 10
40 16
31 49
8 32
28 18
44 31
40 30
44 8
23 4
18 43
40 21
42 8
10 21
38 15
27 48
34 33
10 27
49 41
26 10
25 7
28 19
38 21
1 35
29 24
41 49
19 31
20 13
39 31
34 27
48 13
27 34
47 37
11 48
30 40
8 7
47 39
27 37
10 28
24 41
5 16
41 26
49 13
40 41
46 24
20 46
40 48
31 37
37 44
37 18
36 46
27 35
35 4
23 47
35 49
38 42
17 31
20 17
45 10
8 43
37 28
40 27
28 23
16 16
17 3
36 6
1 13
41 36
20 16
33 7
16 24
49 33
5 19
2 2
32 12
48 21
41 38
48 21
11 16
39 30
21 25
36 23
41 28
11 11
44 47
20 12
21 21
48 28
42 2
33 24
15 31
45 8
19 45
29 32
13 19
14 35
46 1
8 39
31 21
0 27
18 22
42 41
43 40
20 36
42 5
12 9
36 8
17 7
5 49
41 19
18 5
4 16
8 14
6 41
35 8
19 6
31 11
47 26
3 17
12 47
22 27
7 10
37 24
17 42
25 10
13 43
16 17
12 26
33 20
18 21
28 37
27 11
0 24
38 5
44 2
2 16
29 11
29 18
36 48
11 11
9 24
7 27
44 21
3 29
41 21
0 19
10 29
33 12
4 21
17 48
25 22
16 7
33 47
25 21
46 38
35 5
15 44
34 9
15 37
40 8
9 41
29 21
20 12
34 26
35 3
26 13
25 43
20 11
40 47
32 38
36 17
45 1
13 29
12 28
17 2
38 28
45 18
49 18
30 35
44 18
39 21
31 16
16 1
27 8
0 10
47 36
29 44
37 43
24 1
23 41
4 12
21 49
32 22
17 12
8 14
30 49
37 13
17 5
16 45
15 17
7 12
3 38
9 43
33 33
44 9
24 0
21 47
0 3
19 19
17 29
35 0
28 22
13 48
29 30
43 45
47 2
9 2
42 18
45 26
1 42
35 27
42 8
24 44
13 44
16 32
23 1
32 4
26 48
2 5
30 47
0 29
1 10
31 45
28 29
21 30
21 8
9 15
18 34
10 33
30 26
16 5
27 0
11 5
0 13
11 30
12 11
9 15
23 43
11 2
22 34
34 43
45 43
10 13
29 20
49 9
48 15
17 28
17 28
33 20
44 44
0 6
8 12
24 31
5 35
35 27
21 21
22 16
17 32
32 46
5 31
8 3
48 25
31 15
5 15
35 49
11 38
8 19
2 32
3 7
19 38
36 40
10 10
7 27
44 39
25 49
22 35
3 20
12 36
37 18
3 25
19 15
13 27
36 15
11 39
24 30
28 12
23 40
22 32
19 16
23 46
18 45
32 23
15 44
9 4
14 13
29 34
30 44
11 16
9 23
6 35
5 36
47 28
26 21
10 47
38 33
43 8
30 25
31 45
22 42
0 36
7 31
22 37
26 34
6 35
9 12
23 16
0 20
45 26
42 7
23 32
43 18
40 23
44 21
21 18
15 23
4 23
4 29
10 30
13 16
18 24
30 41
40 30
13 37
8 7
45 33
39 38
2 31
13 48
4 34
16 20
7 22
43 12
1 5
44 16
24 12
42 4
3 33
37 17
20 47
24 17
31 16
7 35
47 21
33 2
7 1
24 15
25 17
29 29
24 23
45 48
36 38
5 41
23 44
10 43
41 37
13 24
3 20
9 2
43 44
6 1
45 30
16 23
49 47
2 24
20 47
24 8
37 31
0 10
25 10
6 19
49 19
43 2
41 3
7 35
47 13
36 45
46 4
18 47
1 20
23 21
19 48
32 7
29 32
17 7
44 25
26 44
44 19
48 36
24 7
21 24
23 7
21 19
13 39
16 14
11 40
37 30
40 19
39 21
3 9
28 0
34 6
46 29
28 44
17 4
4 40
28 27
49 49
46 12
40 14
26 1
4 13
34 46
35 23
18 38
32 48
40 19
5 36
48 35
33 17
39 37
7 18
14 6
19 10
18 10
26 44
13 33
9 47
29 46
23 47
37 7
48 27
26 3
14 26
40 47
43 29
34 0
49 0
8 21
12 26
31 38
22 46
21 34
46 1
30 19
0 17
28 48
47 5
3 11
31 43
10 27
25 46
29 26
46 38
47 8
16 30
46 39
27 20
25 23
21 5
44 23
25 22
22 24
27 27
35 11
23 47
38 48
43 19
26 39
7 24
49 24
4 45
15 31
15 40
6 38
47 0
14 24
23 38
48 2
15 35
13 40
32 3
38 27
23 17
16 32
41 15
8 47
13 23
31 30
15 37
21 15
38 35
39 13
23 40
15 40
25 31
31 10
34 21
37 9
38 4
42 31
21 2
29 36
28 10
19 43
47 40
8 37
27 0
2 2
40 18
42 17
1 23
27 35
47 15
47 35
21 41
17 44
43 48
31 21
8 2
17 7
44 25
47 21
27 49
23 17
19 17
35 20
43 14
8 40
29 5
27 0
48 46
47 41
44 30
15 2
32 32
12 26
9 9
49 37
8 24
6 28
41 43
0 36
8 8
28 37
15 6
40 13
2 39
7 49
19 22
3 1
4 15
29 13
24 28
2 35
4 9
15 47
4 15
34 12
26 12
2 41
18 44
7 23
33 14
22 2
36 25
5 42
43 34
7 17
14 10
4 18
21 19
15 25
37 49
38 13
14 42
6 32
36 13
7 21
29 31
23 17
9 28
11 2
12 19
21 26
31 26
44 2
47 11
29 34
11 19
49 25
11 6
9 49
21 19
20 3
0 43
20 11
23 32
13 37
3 37
13 34
13 9
38 10
21 17
47 34
37 46
11 0
4 22
0 28
43 22
33 44
18 5
7 41
37 21
29 42
8 44
26 23
6 16
35 29
34 34
15 23
33 26
23 37
0 25
17 44
48 0
40 18
6 47
9 45
20 40
40 30
35 16
3 43
33 41
22 19
25 37
42 8
15 17
48 15
45 17
11 43
20 1
13 28
49 22
23 21
15 15
2 2
32 7
45 17
48 17
38 26
6 30
34 21
49 34
38 44
2 0
39 22
1 2
0 2
27 25
24 42
41 28
44 25
35 39
44 36
8 32
12 14
14 48
37 13
33 25
10 37
27 49
9 29
2 11
33 31
38 9
23 29
37 19
6 25
8 0
11 18
34 25
32 48
25 21
14 8
48 24
47 26
23 6
5 27
19 40
8 8
0 33
39 39
2 46
14 12
48 27
30 33
4 14
33 30
37 47
40 36
23 38
12 49
46 19
28 16
9 37
26 11
22 15
1 27
13 15
39 12
45 22
47 49
38 30
29 26
30 22
12 5
10 26
4 8
45 33
26 6
22 2
18 44
20 19
23 33
36 13
47 31
37 44
33 27
27 14
3 9
36 17
14 48
45 19
7 40
2 33
47 26
38 15
20 8
36 44
41 22
9 41
6 48
35 39
25 14
3 31
23 42
0 38
40 46
7 47
38 11
33 37
37 23
4 9
31 40
5 24
13 14
15 21
14 3
10 42
17 15
23 41
7 25
29 48
23 38
47 12
49 32
49 38
5 4
47 36
46 3
13 9
19 30
32 36
33 42
28 1
8 1
44 15
26 25
15 0
13 15
14 14
47 15
2 3
21 1
41 18
6 6
29 26
37 12
12 22
4 40
23 14
43 19
32 21
44 47
23 7
14 37
23 12
3 25
17 26
29 10
44 35
17 24
11 6
36 25
28 42
17 4
7 10
23 41
34 18
40 7
27 5
47 1
17 2
28 36
28 7
46 23
43 15
49 6
21 35
32 0
29 1
4 38
14 27
29 48
47 20
7 25
25 4
26 44
6 4
30 37
12 26
12 7
42 11
13 13
48 45
15 27
47 19
16 13
49 47
11 46
17 18
23 44
25 49
38 33
6 18
20 20
47 32
27 39
43 42
4 41
38 22
21 37
41 39
0 42
36 13
39 4
31 12
48 6
14 37
42 22
7 12
42 4
47 21
45 42
13 2
34 3
24 7
42 17
46 44
10 32
9 1
38 43
13 37
1 29
26 43
1 35
6 45
42 3
16 37
45 32
41 31
37 17
40 32
35 36
26 45
21 38
46 9
31 11
48 32
41 26
26 42
12 32
38 4
37 6
43 34
40 35
16 28
2 8
12 39
45 40
36 16
28 32
27 9
46 26
42 39
4 18
31 16
2 21
22 41
30 18
25 22
3 43
0 7
2 14
49 49
5 35
17 33
20 44
43 16
22 37
5 27
7 38
45 9
12 20
0 42
38 27
14 43
21 17
0 25
31 49
24 38
37 41
22 7
35 17
23 10
4 30
39 13
18 34
22 30
4 24
24 42
3 41
37 24
10 40
49 43
39 25
32 28
16 4
35 4
21 8
14 27
38 3
40 9
39 14
41 44
40 18
38 43
9 28
20 21
18 21
14 9
47 46
38 15
2 23
19 25
34 33
4 24
38 44
33 28
10 27
24 2
45 14
46 6
42 18
27 10
41 43
22 38
40 10
4 44
33 25
20 17
11 26
42 49
23 27
29 33
4 5
36 1
22 34
7 14
2 36
27 43
30 49
34 22
9 40
18 44
15 40
14 28
17 8
30 40
35 9
23 42
17 11
45 39
45 5
3 49
41 32
45 23
33 31
45 44
21 16
39 38
6 3
19 23
13 49
13 48
8 39
42 27
0 38
16 48
43 22
49 36
4 44
10 40
27 7
34 0
23 25
41 30
28 10
5 41
9 19
42 19
8 36
47 8
24 13
8 19
37 8
6 42
4 18
34 32
27 18
32 1
44 23
33 24
35 38
18 44
9 12
14 17
48 13
28 25
28 36
46 16
46 4
8 1
22 44
33 0
12 17
3 8
43 38
33 28
28 1
25 38
15 41
5 13
4 35
40 32
22 37
48 18
41 8
21 16
2 6
16 17
26 21
25 19
11 8
49 39
11 24
27 26
15 33
42 21
20 32
4 44
21 4
15 13
13 36
29 17
43 47
34 19
20 10
40 31
20 41
20 32
18 48
10 35
33 2
7 3
37 13
48 8
17 13
23 32
1 2
0 46
1 36
15 21
46 7
2 17
1 25
1 19
23 11
4 8
16 11
13 5
24 13
15 44
26 39
26 30
41 28
26 45
15 44
16 13
3 21
30 4
46 33
23 21
47 28
31 15
39 44
20 16
8 35
10 36
24 36
16 18
17 45
13 32
39 31
45 42
4 28
47 0
13 20
23 10
0 6
25 40
1 45
8 11
33 18
49 9
6 18
27 23
13 42
5 4
24 3
46 28
33 45
31 46
18 6
7 18
13 32
10 16
30 18
27 15
36 28
24 45
46 2
18 9
46 26
15 20
29 12
1 12
9 34
10 27
40 17
46 5
2 6
21 34
25 0
49 13
31 23
8 27
27 29
39 24
5 4
46 36
18 47
0 28
33 10
5 24
30 3
31 32
10 5
16 37
7 17
2 38
42 13
16 20
42 7
46 49
11 42
35 30
42 35
10 25
47 15
1 27
19 35
9 31
40 27
20 47
46 22
36 39
35 4
9 29
11 7
28 22
49 13
4 43
0 16
21 48
32 24
25 3
9 37
36 49
16 6
49 13
30 35
2 16
41 13
45 2
20 24
26 21
39 33
17 40
49 38
40 33
14 17
38 24
4 24
25 23
32 24
38 13
11 42
29 2
7 26
6 29
2 33
0 42
16 19
34 17
9 24
1 24
41 41
0 48
16 27
21 0
4 11
13 15
3 44
20 10
21 26
41 25
11 41
19 29
13 3
47 22
27 0
48 21
41 48
19 7
26 42
10 32
3 23
47 8
18 19
20 41
48 11
18 9
4 38
41 17
41 38
42 19
38 40
40 29
41 11
39 19
3 49
1 8
24 0
16 44
22 36
35 20
47 4
31 3
44 22
21 35
10 15
6 0
7 48
32 48
9 23
19 14
24 22
22 48
25 40
43 47
26 30
19 25
36 0
31 30
23 2
16 35
17 24
38 26
23 20
25 34
45 46
49 19
21 21
19 46
14 14
45 42
45 14
18 33
14 49
14 39
3 32
25 22
6 13
48 31
35 25
16 30
24 17
1 45
38 20
43 4
35 38
47 32
2 15
15 18
16 31
8 21
15 35
45 24
0 43
5 35
21 23
17 45
40 18
42 31
38 35
35 25
25 32
7 27
49 23
45 17
6 5
38 22
40 35
46 40
29 1
27 2
25 44
49 15
14 41
48 5
28 34
30 3
16 40
32 16
15 27
33 21
33 24
43 25
9 39
16 40
43 45
42 20
42 43
37 6
34 36
11 14
20 44
17 36
34 49
4 1
29 38
22 14
14 16
39 23
7 7
16 0
3 10
22 45
4 10
3 40
46 17
5 16
13 22
4 49
24 9
0 3
47 22
19 13
40 8
36 48
18 2
0 21
13 23
18 17
33 23
9 31
40 14
47 5
39 1
4 13
12 4
18 11
27 37
24 19
47 11
17 15
15 20
38 30
43 8
49 28
32 9
9 24
23 8
30 12
11 34
25 24
41 45
35 18
32 10
37 30
23 7
47 38
27 36
19 22
44 18
2 28
27 13
3 1
21 35
15 34
21 43
8 12
38 46
32 23
6 22
5 29
29 2
19 8
38 38
32 33
9 34
13 38
47 16
41 20
3 7
4 25
0 15
37 40
11 20
13 17
44 18
48 23
21 19
33 11
8 15
46 19
1 10
7 0
28 49
22 32
8 26
7 10
43 46
0 4
18 16
23 12
34 23
37 7
43 22
19 3
37 15
22 40
27 31
42 6
30 14
38 40
43 47
0 36
43 1
43 14
17 16
26 3
42 16
11 35
38 32
38 28
49 12
18 27
43 13
33 26
29 23
16 22
20 19
11 15
20 6
29 39
22 8
42 14
24 5
1 12
39 39
40 39
3 11
16 49
26 1
25 5
24 43
30 46
12 41
11 34
47 43
25 21
1 18
38 27
25 39
39 15
31 32
6 36
45 22
35 21
25 12
26 49
8 6
47 22
49 8
7 48
3 32
20 4
2 10
33 30
49 25
45 32
7 1
19 4
25 4
25 0
19 3
1 27
12 0
49 11
8 8
12 14
43 32
20 45
42 4
25 43
29 22
26 38
25 47
42 2
3 19
4 22
22 7
49 36
7 1
0 18
9 12
32 2
44 2
0 38
8 27
31 37
2 9
25 27
8 19
32 12
38 36
36 13
46 38
49 3
39 49
21 0
13 5
5 7
10 5
47 18
34 31
8 36
42 33
16 1
5 0
15 43
36 1
8 32
41 10
38 32
9 11
33 25
17 40
32 29
47 32
47 31
13 5
20 7
41 36
8 48
36 25
43 24
29 2
9 20
12 49
3 23
10 38
48 29
28 33
8 27
15 8
8 30
15 28
37 6
16 48
6 2
23 0
29 2
2 38
25 14
37 30
37 49
18 38
29 48
21 37
25 36
47 35
18 13
14 5
21 30
3 28
35 27
28 16
31 30
6 6
46 45
36 35
44 6
23 23
6 44
13 33
32 10
21 0
25 35
8 47
17 13
25 4
42 3
20 24
35 26
32 31
21 21
16 16
27 42
41 36
36 6
21 21
19 42
23 44
29 33
41 47
47 18
1 39
21 24
13 6
0 48
39 24
19 6
40 46
48 33
34 36
40 6
9 11
48 35
5 28
18 49
27 15
17 30
5 41
4 20
47 7
18 37
31 37
45 23
36 45
8 20
33 48
28 43
11 29
28 19
9 46
18 36
14 37
18 19
28 25
39 26
32 8
15 15
47 12
40 33
7 48
6 42
49 34
35 10
13 15
29 22
14 47
10 28
35 29
49 13
4 38
41 38
48 8
3 48
20 43
31 29
43 37
22 42
22 9
3 37
25 32
10 41
32 20
21 19
1 20
34 5
10 28
43 9
36 48
7 9
43 40
38 37
28 10
29 2
20 32
41 47
17 3
38 1
24 9
20 25
31 6
33 41
34 26
0 23
27 9
32 20
0 20
7 30
31 37
34 1
21 25
0 38
31 40
41 5
49 11
32 30
20 17
23 4
46 24
27 23
35 9
43 37
30 1
19 13
40 3
16 11
31 16
2 12
6 45
19 7
9 3
39 29
21 12
33 19
38 13
42 26
24 35
13 6
38 33
19 30
38 37
44 21
5 48
35 11
43 6
20 2
10 11
31 33
24 17
2 14
32 46
40 6
33 6
15 22
41 34
2 29
24 48
3 29
46 38
43 40
47 13
42 7
25 24
42 1
43 46
17 25
42 10
33 27
16 48
49 7
35 4
38 9
2 43
38 49
32 31
41 29
47 33
38 24
9 32
25 2
30 42
29 24
2 13
1 20
11 3
29 48
7 18
7 11
11 48
12 45
29 3
26 28
39 16
2 48
48 27
3 28
22 32
4 26
47 6
49 11
9 28
9 18
46 19
31 10
17 44
5 48
49 34
27 38
0 29
39 1
9 42
31 33
26 36
11 26
42 10
37 3
39 48
21 37
17 2
47 36
48 5
35 48
41 12
38 41
41 27
42 2
21 26
35 48
12 47
24 6
9 13
9 48
13 32
36 33
34 35
19 35
42 4
35 33
16 23
25 10
1 19
14 22
45 0
22 9
49 48
15 8
13 24
7 27
8 45
10 45
32 31
30 25
38 15
8 4
38 35
16 41
7 31
16 2
33 38
12 34
37 29
42 0
4 1
29 14
48 39
9 31
23 39
6 11
4 16
17 45
2 36
36 9
17 2
13 2
43 27
36 30
7 30
32 13
32 12
27 30
3 37
13 26
28 19
37 35
38 7
30 42
43 18
1 12
23 16
14 16
46 2
48 3
32 30
18 14
42 47
47 46
36 12
24 15
32 12
0 22
19 32
14 14
0 17
26 23
33 40
41 29
44 39
34 26
22 4
43 14
2 42
12 38
4 37
5 38
1 5
10 22
37 24
36 40
43 12
15 27
4 7
8 48
48 45
26 22
1 19
37 3
11 1
44 16
38 1
4 39
9 17
11 48
43 49
38 37
11 4
16 15
13 24
15 13
21 42
36 23
13 25
28 25
26 24
43 17
26 49
6 37
16 20
35 10
19 24
47 33
30 13
0 45
39 16
8 13
10 46
36 23
21 16
0 0
43 43
17 21
43 25
8 11
45 43
21 17
17 20
2 49
33 2
44 25
20 5
38 30
1 26
6 23
44 6
23 37
0 40
8 45
15 16
6 13
12 28
32 31
0 34
31 36
36 27
11 9
32 1
39 34
27 45
9 23
4 34
11 4
26 21
49 43
40 7
6 2
37 40
33 38
26 16
24 15
44 37
24 26
38 15
12 17
13 21
40 17
7 3
23 33
25 24
27 15
31 35
19 19
28 2
7 4
21 33
19 15
20 43
43 10
9 8
27 24
31 19
41 39
23 14
24 0
38 1
17 19
39 36
40 17
40 49
21 11
32 41
28 4
36 24
14 47
32 43
21 15
13 12
6 38
28 31
40 16
32 7
38 21
43 28
40 33
30 12
45 12
5 25
19 41
49 33
41 33
27 12
49 42
27 5
32 5
36 22
24 21
29 12
44 22
42 35
7 22
49 4
37 4
30 6
47 29
39 38
15 18
3 16
12 30
21 44
35 10
16 11
33 47
23 29
21 18
16 29
40 15
33 27
21 15
33 19
47 25
9 12
45 12
28 8
44 1
2 32
13 21
43 46
18 17
28 42
37 44
21 27
10 6
7 33
22 42
4 19
17 14
33 13
28 11
23 23
14 25
5 28
48 0
26 19
19 4
11 6
49 34
34 11
42 43
46 16
35 1
35 3
17 20
18 45
33 43
20 48
20 25
28 19
26 4
40 45
9 1
4 10
37 38
23 29
31 19
46 18
20 33
23 37
4 41
35 39
34 5
37 5
33 15
26 9
22 16
6 31
19 10
43 8
0 16
37 33
37 35
2 8
21 25
47 27
19 32
16 5
40 6
12 23
21 38
32 45
6 40
28 25
3 21
33 5
39 23
39 27
10 41
37 31
18 36
8 37
21 25
45 11
33 7
34 6
46 18
2 4
10 30
32 13
2 17
19 43
40 10
20 3
3 9
34 21
46 43
11 17
20 6
28 5
13 12
11 11
32 13
18 42
44 0
6 48
17 27
41 10
37 14
13 40
23 47
13 19
42 24
38 14
32 16
19 48
30 31
9 14
44 29
7 40
29 15
38 47
42 32
7 31
46 22
23 21
19 36
43 14
13 31
28 45
0 0
43 32
31 5
47 27
34 6
20 16
21 10
13 15
44 22
46 40
44 19
14 15
7 7
31 20
40 10
18 40
12 13
23 45
18 22
24 5
28 44
21 49
7 36
14 1
10 12
44 6
33 8
23 40
17 5
13 7
17 31
48 29
44 23
24 15
45 48
22 25
45 43
24 2
31 40
5 43
4 49
49 37
9 22
27 26
27 40
34 46
23 32
25 18
7 1
33 2
0 5
27 47
0 3
1 33
45 6
26 49
6 25
36 15
49 15
42 29
6 28
25 29
10 1
49 19
2 34
21 4
41 0
3 43
5 4
26 2
11 2
1 19
29 39
36 31
4 30
10 12
8 35
44 20
38 43
39 43
28 12
49 21
14 3
15 19
7 41
23 20
46 24
39 27
13 26
8 20
6 20
32 17
8 26
37 46
20 27
41 0
41 41
21 6
44 36
27 3
30 1
24 28
27 13
5 41
41 16
13 0
36 45
17 44
22 6
43 44
35 36
46 27
27 17
33 23
6 12
27 38
13 3
16 41
18 23
34 10
39 47
10 28
44 29
22 16
35 17
12 21
4 8
0 33
28 33
7 34
47 36
22 11
39 40
4 7
13 40
19 5
39 31
33 33
10 5
2 48
25 14
21 29
25 21
12 3
6 21
39 3
9 11
16 0
3 22
10 16
12 29
21 1
13 4
37 25
12 39
23 37
5 46
18 30
17 32
35 23
6 24
29 15
37 47
16 40
20 28
9 34
7 30
38 22
37 25
48 1
16 21
40 21
18 8
4 37
42 39
13 48
14 42
14 1
39 32
42 11
10 1
46 19
33 34
44 22
11 42
23 27
15 13
0 33
23 4
23 16
44 36
14 10
30 30
11 21
14 5
33 26
8 29
48 44
15 42
16 28
34 40
5 49
5 5
35 31
12 8
47 6
44 13
18 26
46 29
47 10
37 30
39 45
11 37
39 28
29 6
6 15
48 13
14 5
19 1
36 33
9 35
41 5
49 9
31 47
38 31
7 27
11 48
23 23
35 14
3 16
22 10
31 20
23 48
28 44
1 16
27 11
2 18
18 3
27 2
0 18
33 9
45 46
8 20
21 45
35 25
12 7
35 45
30 8
45 8
5 47
26 32
10 28
3 30
33 32
32 35
0 17
45 48
14 5
18 35
2 5
12 16
13 47
14 43
8 9
3 13
8 31
47 18
10 2
49 45
35 33
31 37
1 28
37 17
35 6
4 37
13 17
4 26
14 18
21 24
29 26
39 38
8 37
6 20
41 7
15 26
41 46
16 44
26 3
11 11
11 17
49 25
34 5
3 1
25 25
25 4
3 15
44 11
4 1
31 45
10 49
24 1
47 40
45 24
45 8
35 7
26 36
34 12
41 37
13 18
14 41
25 18
8 19
29 14
22 13
11 33
12 35
34 9
27 32
35 23
42 21
32 20
7 18
33 1
5 48
19 20
41 46
38 1
16 19
15 38
34 27
21 46
14 8
8 42
42 43
17 34
16 1
5 26
19 40
27 26
40 48
48 32
45 38
33 13
8 1
1 42
28 25
41 44
35 1
38 27
46 7
11 15
8 18
41 29
10 20
8 1
20 6
35 17
47 20
30 5
21 34
49 1
9 42
48 44
45 36
21 44
44 34
9 4
5 0
36 17
22 44
18 42
2 5
10 49
28 40
6 1
26 8
5 35
0 3
31 48
39 4
42 35
41 3
40 46
3 26
13 25
22 34
19 26
41 29
26 21
22 34
23 48
42 28
36 45
33 17
43 22
24 37
8 15
40 0
13 45
28 28
22 0
14 41
26 6
23 4
29 45
39 2
43 33
32 29
30 15
49 23
40 23
12 0
40 2
0 3
49 28
31 21
30 48
13 6
6 36
13 35
33 4
38 26
37 20
8 18
38 7
43 28
30 6
28 22
10 30
25 10
8 8
33 38
6 48
46 12
36 9
48 19
13 38
48 3
10 6
23 48
13 18
28 45
24 8
17 37
38 44
49 46
2 32
36 11
31 33
25 19
44 25
39 10
13 37
13 26
43 38
26 8
6 5
5 33
15 24
22 4
18 21
2 22
5 39
35 38
24 11
8 20
36 47
30 2
36 45
28 31
35 4
39 42
11 46
25 27
22 47
33 42
20 35
14 25
26 2
16 2
13 26
23 1
25 5
3 11
1 31
42 38
38 33
30 49
31 7
28 3
4 11
45 26
47 11
4 25
13 20
28 28
46 1
30 21
8 33
34 9
15 26
0 5
11 30
4 42
38 35
45 44
46 40
21 45
3 25
21 17
47 1
45 43
4 25
16 12
9 0
24 26
28 24
31 39
4 37
33 42
24 30
39 23
22 10
18 25
37 41
42 34
42 40
29 46
17 47
9 28
49 35
4 27
9 37
18 13
27 3
8 1
33 47
24 5
9 45
30 46
38 25
32 33
15 11
29 34
8 40
13 7
27 17
36 36
7 6
0 36
9 10
37 42
7 14
47 18
9 29
14 49
4 46
32 21
9 14
8 19
6 21
28 34
40 14
20 47
20 20
35 31
32 23
23 39
39 22
7 0
3 23
49 8
21 32
31 30
46 39
1 2
12 29
36 3
45 9
2 17
29 38
48 12
11 21
3 2
45 13
2 49
38 3
9 10
35 42
42 33
34 46
38 46
25 26
49 21
35 2
38 17
40 37
31 3
10 36
7 8
49 9
7 40
14 18
2 2
10 46
37 44
42 25
43 20
2 42
41 39
46 31
6 38
20 37
41 33
24 0
41 25
11 0
17 26
20 19
28 30
18 15
27 10
43 22
30 47
16 23
36 13
7 45
1 29
34 45
12 10
45 5
36 7
7 5
35 27
27 13
10 45
30 39
5 23
11 38
22 27
13 9
42 20
4 46
0 38
43 14
1 38
20 39
47 29
44 34
9 21
49 19
16 30
10 24
5 23
14 28
0 27
39 45
0 45
41 2
35 34
16 36
24 38
25 24
20 20
8 29
43 8
0 10
40 10
36 47
33 0
27 35
29 16
30 31
13 21
33 49
7 2
35 32
42 13
8 12
33 16
41 28
26 41
38 18
3 26
18 36
28 45
22 8
14 4
39 27
28 25
28 35
27 16
19 21
29 27
34 14
46 27
42 24
19 33
43 22
9 13
11 38
8 33
48 24
37 39
2 15
16 32
3 45
48 22
17 27
2 1
43 0
28 36
24 49
21 19
24 30
32 37
20 43
22 20
17 11
12 19
29 28
4 32
24 2
6 41
32 8
44 25
8 24
13 35
26 34
4 2
17 39
39 39
32 11
10 49
24 24
21 3
2 25
35 28
27 42
21 11
2 15
37 13
42 2
48 20
39 4
22 6
43 13
47 25
26 9
25 0
33 46
4 36
21 41
14 0
33 38
12 38
5 1
1 47
3 49
17 44
3 41
2 49
6 0
24 34
9 49
35 43
47 41
31 18
32 47
21 18
35 33
6 41
34 9
40 39
10 10
36 15
3 38
14 10
38 39
44 0
40 31
43 38
22 26
8 7
23 29
25 11
14 33
2 0
42 44
42 2
4 28
17 8
16 32
20 7
23 14
7 13
46 2
3 20
30 12
27 3
43 4
16 10
37 18
10 29
15 4
33 19
32 1
29 1
35 49
8 8
14 17
21 12
21 25
34 1
39 14
6 34
18 23
44 6
43 5
37 8
11 21
28 44
24 7
47 9
7 5
17 23
24 40
37 45
17 23
48 6
37 4
41 6
27 37
14 21
44 3
29 6
26 9
0 0
19 47
11 28
4 30
3 30
21 40
27 40
13 25
47 3
29 40
9 7
27 25
30 24
28 11
30 5
21 32
7 42
31 19
20 35
49 23
17 22
15 44
13 30
19 12
33 0
4 42
9 33
19 39
7 48
1 37
5 24
19 14
18 0
33 38
37 35
13 4
9 28
48 22
8 19
36 42
20 40
36 31
24 6
21 31
6 24
19 13
0 40
27 18
41 13
8 28
48 21
35 7
49 35
32 9
7 18
1 29
11 40
10 35
46 31
18 4
7 39
17 9
30 44
27 23
7 35
3 7
6 38
17 7
26 1
17 33
21 20
12 32
10 22
17 8
6 36
12 15
27 29
25 7
26 4
30 33
40 34
43 48
24 12
8 0
13 25
35 34
47 47
17 10
22 36
18 30
24 31
47 2
12 22
9 38
27 42
24 19
28 19
19 4
31 27
5 44
4 42
30 2
42 47
14 14
34 32
46 10
15 43
12 28
18 24
18 47
18 42
18 46
13 37
0 44
15 7
40 19
0 21
23 42
18 37
8 4
20 6
17 37
1 29
17 19
5 36
18 23
30 36
19 44
24 22
38 41
29 29
10 31
0 36
23 20
23 33
27 45
39 44
35 41
25 2
12 31
38 33
4 21
19 26
15 45
48 5
36 29
36 49
11 38
35 36
9 10
20 38
6 11
32 41
4 7
43 17
40 34
0 45
5 21
21 22
19 21
27 5
0 14
4 11
2 41
0 13
2 20
3 8
33 35
1 38
45 46
5 37
32 7
32 37
30 5
9 49
26 39
7 29
5 11
42 9
5 42
23 7
14 26
15 48
14 18
36 11
16 43
48 49
2 33
36 34
40 48
34 19
37 41
48 44
4 40
3 9
35 26
16 49
5 33
49 21
3 35
34 20
30 34
19 32
17 7
17 8
5 3
29 44
46 27
38 2
19 44
14 4
20 32
6 27
18 5
0 21
43 34
43 23
19 12
8 38
20 27
48 27
30 27
24 28
6 14
30 26
8 46
32 31
29 38
8 47
46 11
20 41
45 14
16 16
28 24
7 0
3 5
28 35
33 4
13 41
18 46
17 27
42 2
8 21
42 18
20 38
29 41
31 27
7 48
45 35
22 2
36 26
8 16
13 43
20 27
34 38
25 4
17 17
6 25
41 48
46 13
39 25
4 20
4 13
18 0
49 43
4 37
21 12
3 34
7 23
11 44
13 38
48 31
6 6
8 49
4 4
12 43
32 19
16 38
34 34
38 33
27 43
20 48
7 25
33 17
0 46
11 14
35 11
47 43
17 7
44 23
14 8
19 46
29 35
34 14
19 25
47 49
20 20
47 29
45 32
46 48
29 9
14 16
20 11
9 39
20 3
13 34
13 32
32 43
19 19
7 38
46 6
37 16
28 37
45 24
19 44
24 0
3 38
18 24
1 27
15 21
32 28
8 46
12 42
39 31
11 48
22 7
4 9
25 33
48 21
9 20
17 33
22 20
21 41
46 24
20 12
47 3
42 5
1 5
48 42
38 9
40 10
19 46
22 44
29 20
17 40
42 34
23 15
5 46
6 3
22 26
15 20
31 8
25 34
15 23
26 3
35 18
16 6
15 38
0 46
10 20
37 5
4 12
20 11
11 28
15 33
4 30
3 38
40 29
22 7
4 1
13 41
19 29
47 36
19 0
33 31
20 20
36 26
32 6
38 45
36 5
29 41
37 32
29 28
11 3
37 18
4 0
9 24
31 9
10 0
11 45
34 33
15 20
9 0
29 49
45 15
4 24
8 42
7 39
22 20
43 9
38 49
12 0
23 43
9 36
46 20
31 30
3 49
2 14
1 33
14 48
49 20
25 9
12 32
49 36
4 44
48 43
43 10
43 17
5 4
5 3
24 38
35 29
37 38
43 40
23 9
39 22
30 14
32 42
48 33
31 2
27 29
47 20
41 42
39 48
48 46
2 24
35 39
3 24
29 49
15 3
8 6
25 38
20 9
33 20
42 14
24 21
45 24
42 36
18 33
36 17
30 40
41 15
30 47
39 9
46 6
12 4
12 40
43 34
1 26
4 46
40 29
17 37
3 11
23 21
45 9
40 25
2 32
42 32
29 33
41 25
40 6
29 4
48 24
39 49
0 45
47 42
24 15
29 29
28 4
3 25
16 43
0 18
25 44
0 6
30 43
33 20
1 13
26 1
39 17
1 40
13 0
34 37
17 16
19 46
20 22
21 38
17 24
8 43
20 10
1 0
4 35
22 7
0 49
9 39
16 12
31 31
12 16
19 30
32 40
28 4
14 49
45 31
25 3
26 46
14 28
46 18
13 19
27 15
20 38
4 38
0 36
20 15
4 41
45 36
31 25
42 45
26 37
28 2
41 5
0 5
33 48
25 48
19 4
13 39
43 19
30 43
5 0
8 9
41 5
47 24
30 42
21 7
31 49
11 22
4 13
29 39
11 6
37 31
11 2
22 4
22 2
49 29
2 10
41 45
17 38
19 48
32 40
7 14
42 20
38 46
33 18
36 44
26 25
27 37
28 0
43 2
4 45
31 7
5 22
2 22
13 24
22 45
16 31
9 8
1 0
7 36
18 45
33 44
20 10
34 0
12 29
2 17
24 36
26 31
8 30
6 23
4 28
19 23
12 30
31 13
30 40
2 0
35 35
47 6
47 33
8 10
12 13
29 39
49 5
22 9
37 28
33 44
9 4
17 21
36 0
34 19
41 36
21 26
23 18
34 21
3 45
33 18
8 12
9 7
19 31
16 6
10 1
0 19
5 19
40 44
20 26
13 13
15 34
41 38
5 26
11 8
23 44
26 31
8 35
38 27
17 6
34 29
8 36
0 15
6 42
9 28
18 22
43 35
9 34
26 14
12 37
22 35
34 1
16 42
36 6
20 5
13 6
36 23
44 36
40 2
28 0
32 49
24 25
36 33
10 12
49 22
2 22
10 36
23 26
30 11
33 2
19 48
10 7
23 5
44 13
9 24
15 42
23 42
19 10
25 29
24 25
4 26
49 14
14 24
42 47
37 27
49 6
27 10
14 0
17 10
14 28
34 29
22 10
21 42
22 49
23 46
26 27
25 27
43 41
1 38
40 38
15 42
47 43
4 13
43 21
25 9
1 9
41 24
21 14
16 43
15 39
42 43
19 19
20 12
12 23
2 5
14 18
47 11
13 1
26 8
22 1
18 25
12 11
49 34
27 17
29 43
7 23
36 28
44 9
42 7
32 45
12 46
13 9
9 28
10 35
36 34
38 6
11 1
17 11
35 47
28 14
40 37
40 28
17 34
37 10
41 22
5 5
20 20
16 30
48 28
17 36
14 6
45 26
7 12
39 44
11 19
10 1
9 0
30 26
35 19
36 28
43 43
36 14
15 4
44 15
33 13
2 49
21 47
25 28
11 16
24 23
36 35
26 45
37 8
21 24
28 10
3 21
5 41
37 21
45 31
38 30
47 40
30 18
39 7
49 3
24 23
28 10
10 4
5 48
13 28
22 43
40 27
16 48
18 4
19 16
37 7
46 34
0 26
5 41
34 4
44 8
27 22
20 38
29 25
38 42
5 10
37 48
38 5
46 8
9 15
24 49
24 21
33 26
49 38
18 33
42 12
43 22
37 13
12 16
40 0
10 48
10 47
46 0
2 42
11 14
9 35
13 35
8 48
12 8
37 30
43 31
44 39
5 31
4 17
49 45
17 9
43 30
8 41
30 11
33 41
27 42
29 40
27 39
38 41
49 27
21 43
11 18
34 16
1 38
34 1
35 3
10 28
33 21
21 16
34 4
9 11
48 38
1 28
28 41
19 27
19 43
22 32
13 8
48 14
47 34
15 32
38 28
13 21
49 34
37 35
41 47
46 39
37 49
17 17
40 39
47 11
34 21
43 47
30 44
11 27
28 29
11 16
9 24
38 10
11 27
45 2
26 41
41 14
40 11
31 32
2 30
46 36
2 41
35 32
35 46
9 14
27 20
30 36
47 20
48 8
48 43
10 24
36 1
40 28
14 24
13 16
4 9
4 6
0 39
38 38
36 47
4 15
20 34
4 17
7 2
25 7
48 37
33 34
40 26
13 5
0 28
23 4
37 28
11 39
17 1
29 5
49 33
21 21
20 27
40 27
29 17
36 29
4 19
14 44
45 29
49 47
7 23
2 46
3 15
37 20
16 17
26 17
0 49
38 20
26 28
49 7
47 35
39 1
7 5
46 4
34 47
2 43
22 6
41 25
21 28
48 39
47 26
7 48
25 47
20 3
28 20
12 25
7 1
27 16
6 25
21 42
24 25
37 47
33 30
24 6
11 24
45 8
0 2
8 27
2 29
32 30
1 45
5 10
48 34
27 7
9 0
1 34
27 41
33 10
21 9
16 32
34 13
43 34
18 3
14 20
32 46
0 35
43 7
46 44
42 23
1 3
23 4
37 2
45 22
12 19
32 30
3 16
43 46
2 13
0 16
33 34
13 35
20 8
43 18
2 35
41 3
38 16
8 28
18 5
0 32
24 34
14 28
2 9
24 5
23 26
23 6
11 36
44 33
45 37
1 47
24 44
3 12
12 13
42 32
18 45
14 45
29 30
23 32
39 49
39 12
28 12
21 41
1 17
24 48
4 27
47 28
23 0
42 35
15 37
19 36
32 35
31 13
15 4
47 4
5 36
19 33
49 42
24 2
9 0
0 15
29 47
43 2
0 37
39 15
26 8
1 8
43 34
24 10
38 21
17 46
8 36
29 9
30 6
11 39
6 11
4 38
8 49
40 8
38 32
26 15
40 29
25 36
14 49
46 4
21 13
0 31
1 32
40 33
38 1
22 46
14 28
34 24
29 27
35 20
9 11
35 1
40 12
37 4
12 36
11 35
1 11
16 5
43 6
38 33
9 13
32 23
43 16
49 23
45 34
45 4
47 30
6 40
44 45
46 6
33 7
41 37
19 9
42 14
15 30
48 26
43 30
49 39
48 1
12 44
35 7
0 33
39 8
25 33
6 21
42 39
29 35
26 0
45 20
14 12
1 14
39 46
44 40
35 45
41 49
41 27
8 43
12 49
2 39
35 10
10 27
49 39
14 28
39 11
48 6
24 1
20 13
0 17
3 37
12 47
37 5
26 47
48 40
47 2
29 32
14 39
11 14
31 25
44 22
37 44
28 13
46 49
28 48
16 33
35 30
30 22
37 6
22 37
46 19
42 25
1 6
15 12
22 48
39 16
20 28
13 49
41 9
0 21
7 16
5 44
48 35
19 35
42 41
24 40
10 16
16 11
23 33
25 45
31 16
14 1
45 27
2 38
38 2
10 47
20 15
41 18
2 10
5 46
1 30
37 11
48 3
24 21
38 1
19 19
18 35
22 15
14 25
5 2
27 17
1 48
32 42
18 37
5 26
33 8
8 20
22 6
25 46
30 13
0 1
34 18
36 7
35 2
32 40
6 11
8 7
11 42
1 32
29 8
8 15
17 18
35 39
24 11
35 6
26 37
7 11
5 45
18 42
47 2
33 3
15 43
12 27
35 14
11 17
22 19
32 39
37 19
30 13
30 18
20 7
5 29
18 13
25 38
5 24
40 40
28 7
33 42
34 21
6 45
40 31
16 22
22 5
41 3
19 24
21 41
33 26
20 3
41 47
41 47
22 33
37 2
40 23
44 27
44 3
24 34
36 41
8 8
48 1
13 19
25 34
12 10
13 33
13 4
32 4
3 4
37 43
8 30
16 5
7 12
8 31
48 46
24 8
4 23
9 20
44 37
4 7
47 19
42 11
26 24
17 31
31 5
24 39
37 40
44 44
4 4
27 4
2 2
12 7
27 24
29 23
11 35
30 10
5 22
21 33
49 41
14 30
46 39
19 35
31 16
29 38
22 6
42 25
10 7
34 39
31 13
13 44
48 43
4 5
18 28
38 17
19 5
47 17
44 18
2 27
36 33
15 11
41 10
38 2
17 22
41 48
37 6
44 37
0 48
45 20
28 35
37 47
40 36
16 36
6 18
16 43
3 31
6 45
43 44
49 10
18 42
10 7
49 4
44 49
5 39
19 33
25 8
33 17
44 49
4 2
20 20
47 23
3 3
20 47
47 19
9 17
12 22
24 11
26 21
12 33
12 33
17 39
41 0
7 37
49 13
39 19
33 37
45 38
42 15
37 42
37 49
9 49
21 36
12 49
7 24
33 19
9 0
9 0
2 16
39 1
31 28
23 16
17 20
4 10
37 44
2 24
43 13
25 16
49 39
15 6
13 0
26 24
2 37
24 4
5 13
8 36
44 33
2 13
3 8
23 42
2 27
19 47
41 44
13 40
34 31
47 49
31 25
24 34
14 0
38 21
16 48
7 12
31 11
25 34
19 1
29 24
28 48
23 21
42 37
12 28
20 11
30 1
38 6
37 4
6 28
25 24
26 32
36 8
45 12
44 16
15 23
40 43
21 16
17 16
3 29
44 25
42 26
26 32
32 16
36 41
44 13
15 20
45 2
30 42
16 25
8 31
48 1
26 22
17 43
38 22
24 34
47 18
11 25
0 45
41 38
36 37
1 2
10 48
6 40
40 22
15 1
3 16
4 31
40 21
25 30
45 1
14 42
20 27
19 22
25 13
11 11
0 12
15 10
13 21
3 3
43 20
6 48
36 10
30 28
31 5
8 28
8 23
22 28
2 42
1 27
7 12
41 9
26 6
22 39
28 25
45 23
45 1
22 34
12 2
12 45
9 21
26 17
46 48
48 48
42 49
28 49
13 19
9 41
25 31
31 3
6 28
27 1
31 1
35 45
3 48
43 14
21 19
33 17
17 31
15 10
32 43
9 45
12 18
39 40
1 22
45 7
0 24
11 31
25 48
27 30
48 20
44 19
39 28
36 8
11 4
18 44
49 30
41 14
0 30
4 2
2 49
11 2
24 22
36 1
23 15
32 21
37 28
43 28
6 31
36 20
35 5
14 35
37 5
49 37
38 5
39 40
6 3
45 32
27 33
34 0
48 16
24 35
44 17
13 3
48 49
23 36
6 39
23 45
46 24
33 34
29 24
27 35
27 22
18 7
5 4
7 5
20 31
40 16
0 5
21 1
6 46
39 13
35 12
8 34
36 43
18 17
20 45
2 47
19 22
4 26
26 14
31 48
47 23
15 0
28 38
1 35
35 42
0 22
4 10
6 42
4 27
9 24
24 11
23 44
36 30
22 12
46 4
11 43
27 28
45 8
18 48
43 5
40 43
30 44
5 36
36 11
15 47
37 40
9 11
36 47
43 8
9 41
14 22
36 44
2 32
2 21
30 45
28 23
40 8
17 47
47 6
9 12
3 46
4 14
9 42
11 4
1 23
45 15
47 32
9 0
16 13
23 46
10 1
19 0
12 39
0 9
47 9
23 2
5 28
19 17
20 32
21 23
5 17
41 5
1 0
7 17
16 32
15 26
35 37
27 47
28 29
6 27
38 30
29 45
8 48
12 30
31 34
4 38
3 45
43 6
47 2
25 13
34 40
42 20
29 19
17 9
0 24
36 38
6 16
33 16
16 46
46 47
32 2
38 37
49 33
43 49
36 18
14 20
10 6
40 40
27 8
49 27
34 36
15 42
4 1
8 20
47 6
20 31
11 8
18 10
41 11
9 27
31 26
48 41
32 40
31 10
0 33
37 36
21 5
28 25
6 36
47 5
45 17
36 6
27 6
16 19
19 28
48 0
4 46
41 38
39 25
48 39
10 38
26 31
45 4
8 1
43 7
8 38
25 46
44 2
2 12
23 21
42 22
21 48
20 14
37 9
39 37
1 49
27 27
32 22
33 40
25 28
48 33
16 25
29 12
29 33
27 3
6 21
25 27
22 45
42 11
7 33
0 8
33 28
37 15
2 22
8 30
1 8
13 19
33 45
34 14
30 13
17 37
34 44
16 8
42 8
19 1
42 20
9 27
0 48
42 2
22 2
32 25
10 48
45 45
45 31
12 25
44 29
14 30
26 31
41 18
39 10
19 33
30 30
10 30
30 5
35 2
9 19
28 20
17 25
17 14
6 29
40 2
11 4
34 37
35 25
7 27
36 26
12 18
8 25
1 38
32 36
40 41
5 20
13 25
45 31
39 3
12 31
5 23
36 42
12 23
17 19
2 5
45 17
24 3
42 25
43 24
13 36
15 20
6 29
45 2
12 35
5 24
16 13
0 4
5 12
30 24
32 34
30 29
1 4
35 43
31 28
17 46
14 35
16 21
14 12
25 28
49 32
2 15
47 2
22 2
17 2
27 49
36 9
30 40
13 15
33 46
46 3
42 10
40 10
33 6
22 8
34 21
43 38
39 40
41 11
45 10
15 22
11 3
31 41
43 46
7 29
44 3
34 38
15 24
48 49
30 23
9 14
46 4
2 37
45 45
48 40
5 15
14 18
21 47
10 14
45 19
43 41
24 27
29 39
3 29
40 33
4 2
49 1
6 2
38 3
49 39
45 7
6 11
25 27
10 35
44 5
6 37
48 30
17 29
22 22
9 14
6 15
18 5
16 25
9 7
30 11
48 26
18 4
37 43
34 48
31 28
5 39
17 4
22 36
33 44
9 44
10 15
10 29
22 28
6 34
37 36
45 35
14 13
42 4
8 28
2 41
6 9
33 23
15 5
10 49
1 21
45 11
38 5
42 10
36 48
46 23
37 41
11 1
6 3
7 17
31 9
10 39
21 43
12 36
48 24
35 49
45 33
11 33
38 5
46 24
6 42
48 43
34 9
46 42
14 4
9 47
15 20
36 36
13 0
25 12
25 12
13 22
45 26
6 34
32 4
10 38
46 10
31 32
21 29
25 37
33 36
34 1
6 20
39 22
23 14
36 48
27 49
20 22
26 28
8 8
34 19
48 31
31 29
15 3
10 40
40 46
27 27
47 35
49 38
7 22
3 43
20 30
45 43
4 21
23 13
31 8
34 29
41 17
10 6
20 20
49 13
18 28
40 17
15 39
6 25
12 9
20 34
41 15
29 47
38 5
12 19
15 46
0 6
16 10
14 36
33 15
49 1
43 41
21 11
31 27
36 45
38 6
29 31
22 11
28 10
16 41
32 31
39 32
39 5
43 5
44 28
21 45
31 16
37 2
29 20
31 15
15 19
22 46
0 44
7 31
6 25
24 38
6 13
21 47
21 16
5 15
44 28
12 27
46 49
30 26
19 13
41 36
33 13
33 35
9 40
18 16
16 42
6 24
8 27
24 29
45 29
46 39
7 8
19 3
10 49
29 31
12 23
18 47
36 3
35 48
43 3
14 11
48 22
38 6
0 12
37 47
43 35
39 2
45 8
7 5
9 39
39 21
12 9
21 48
12 8
48 5
13 14
19 11
37 9
19 39
21 8
36 16
43 25
18 41
33 25
48 42
14 37
16 28
46 39
29 8
47 27
16 12
42 37
24 29
46 45
20 19
4 6
35 49
32 5
40 17
32 41
12 49
28 28
27 27
17 6
37 16
36 3
28 28
42 4
9 38
2 29
7 8
37 44
9 21
1 0
39 34
43 1
35 21
31 12
48 0
21 36
18 9
41 48
37 34
3 48
22 7
29 32
15 16
28 24
38 30
26 29
14 19
32 49
43 15
13 43
15 36
29 33
45 23
33 34
9 36
34 33
45 13
15 10
32 44
37 22
26 13
3 40
35 35
41 28
0 6
21 17
45 3
2 40
28 35
27 37
24 11
20 19
27 38
32 9
34 19
33 10
34 36
2 19
23 43
49 25
1 23
42 46
28 46
39 8
31 16
45 7
29 17
27 8
7 9
19 41
30 2
1 14
38 3
36 13
48 37
38 2
10 30
48 40
28 37
48 10
5 45
19 37
15 46
45 22
7 15
14 37
19 17
4 8
23 40
21 23
27 10
25 40
42 26
32 21
13 31
33 21
28 4
10 45
3 5
18 10
22 34
0 42
3 4
2 26
44 25
0 21
37 27
13 30
3 46
3 19
29 38
42 7
42 2
5 45
7 23
8 32
7 8
24 10
14 28
39 8
3 41
31 41
18 45
23 24
43 28
43 22
18 35
31 10
37 36
8 46
11 18
30 20
28 4
33 42
34 22
0 38
13 33
29 33
30 4
7 23
32 2
47 0
39 31
12 26
17 22
25 29
40 5
49 18
12 32
12 46
6 14
34 21
48 15
7 30
19 16
6 1
19 3
3 8
34 16
37 4
38 12
33 31
19 34
1 33
19 14
30 27
28 16
49 26
34 8
9 3
24 15
7 43
18 12
4 5
28 41
9 19
5 44
2 26
30 3
10 1
17 42
29 46
8 30
24 44
38 35
0 12
0 9
8 21
21 12
26 2
5 37
23 12
31 25
38 13
28 0
15 48
42 46
46 3
26 22
47 16
8 47
30 8
6 38
31 30
2 7
32 9
46 5
21 27
30 10
43 10
12 8
8 5
4 4
8 32
29 7
48 37
7 28
47 15
19 29
45 21
38 27
31 35
34 2
14 14
14 7
25 27
17 35
34 21
42 42
3 21
1 3
8 8
32 7
24 1
36 19
24 27
49 5
14 33
10 28
0 26
38 27
5 5
12 39
29 4
33 34
25 35
38 35
45 22
43 19
25 31
41 1
8 42
9 24
25 19
5 27
47 43
4 3
0 17
42 31
23 26
16 1
13 6
38 8
30 31
30 7
15 23
8 25
15 17
0 42
38 5
20 36
0 24
39 0
43 31
32 17
9 0
20 22
6 8
31 38
42 13
45 7
36 3
32 1
21 34
45 11
39 17
47 41
42 38
44 37
22 28
6 31
28 26
6 36
37 39
24 29
2 19
36 38
24 20
41 47
7 36
9 46
4 8
38 48
47 34
37 19
12 44
2 40
22 8
28 9
49 2
38 1
23 26
39 49
49 32
47 6
21 8
4 27
16 44
27 15
28 14
36 40
8 39
32 33
49 10
42 49
14 33
2 39
11 42
39 10
26 38
16 47
46 23
26 12
17 3
30 46
18 16
38 28
5 21
13 7
31 6
6 46
41 8
35 2
2 26
13 31
14 31
30 10
6 7
25 24
12 5
22 32
21 10
13 29
33 26
36 17
34 44
13 25
4 0
28 9
29 43
42 43
26 22
6 33
31 31
7 44
38 31
26 11
43 39
40 27
16 28
44 0
24 9
26 29
11 6
40 40
49 32
36 25
6 42
10 38
25 17
32 13
0 8
26 44
0 17
21 16
47 17
18 22
26 46
3 37
2 45
30 3
27 16
31 33
10 41
23 35
11 5
0 11
16 26
7 16
43 28
34 43
47 2
15 23
49 20
13 3
15 45
9 44
11 42
29 21
35 3
8 48
10 8
12 26
34 19
42 30
0 28
23 47
31 40
21 32
12 36
37 29
31 48
23 44
40 4
15 28
9 23
26 20
33 38
48 17
8 43
49 8
21 22
5 2
14 28
36 26
16 24
5 47
24 30
41 15
37 8
43 46
33 19
18 16
10 17
36 18
10 35
28 33
10 35
38 24
16 24
3 32
0 10
32 25
41 25
42 30
36 37
26 19
8 45
38 18
14 26
38 24
13 16
9 23
2 47
0 20
22 3
2 24
13 34
1 6
12 43
36 48
30 15
19 39
10 9
7 26
35 48
0 49
14 9
24 18
9 24
38 31
27 41
7 43
27 9
1 39
2 40
39 35
5 9
26 17
18 33
43 6
31 45
7 48
6 31
16 15
6 7
48 35
0 6
30 29
17 32
21 21
22 10
6 29
19 32
46 40
18 41
48 1
36 5
1 42
36 18
10 44
27 8
32 27
16 12
6 33
46 27
5 20
40 13
49 11
48 47
1 18
38 49
19 26
6 21
21 45
41 31
39 20
39 21
47 6
36 5
41 32
35 48
3 25
14 4
38 12
2 40
30 42
41 1
19 0
24 40
45 17
21 36
37 12
8 34
20 44
42 14
28 27
12 31
4 26
36 42
40 40
34 22
32 28
24 3
28 48
43 25
16 16
11 3
31 19
40 1
15 34
17 46
13 30
27 19
8 15
11 49
5 48
23 40
28 47
43 6
48 39
31 16
5 44
21 38
16 11
42 31
47 9
27 10
39 7
29 0
22 43
1 30
41 24
20 21
22 15
27 22
4 10
38 12
6 9
0 22
23 42
4 20
2 33
33 43
42 12
45 17
7 46
47 48
21 19
21 45
34 48
17 39
10 7
3 17
16 5
41 41
48 45
14 2
31 47
47 23
9 43
40 17
39 39
17 12
8 39
7 45
39 26
34 2
35 39
21 4
44 12
45 44
10 9
46 43
6 46
18 18
39 9
37 30
0 6
43 9
47 2
4 39
29 40
41 16
31 14
20 25
28 16
20 38
27 18
33 36
14 2
4 5
13 43
36 13
49 29
24 49
31 30
38 12
22 29
29 3
45 49
29 23
17 1
14 45
19 47
33 36
49 39
41 14
32 27
28 33
8 2
32 42
33 20
4 7
1 35
11 48
37 42
22 6
43 36
1 14
35 36
0 37
25 42
1 7
21 29
43 30
34 25
22 19
48 28
26 1
14 39
0 3
31 22
9 24
10 13
39 47
49 41
34 25
35 36
34 7
17 27
39 3
5 11
22 3
41 1
6 7
40 6
10 22
30 20
48 42
35 39
40 34
31 24
11 18
12 46
27 32
23 16
35 28
29 10
33 21
13 40
28 3
48 39
27 29
11 26
21 48
17 13
32 0
38 46
19 2
42 46
34 17
13 22
48 44
32 33
15 47
25 44
0 24
35 30
5 48
6 26
46 25
42 30
26 30
26 45
34 20
43 19
38 8
43 38
3 27
21 18
24 47
14 26
21 1
6 26
49 14
4 47
40 46
30 16
28 6
13 15
29 6
34 19
17 29
7 20
6 28
38 32
25 5
8 48
6 15
26 6
31 33
5 21
31 35
39 12
44 4
27 23
13 13
42 30
42 1
0 0
29 40
32 7
45 42
7 2
9 36
10 41
19 15
14 2
1 4
14 45
8 43
20 23
6 14
3 0
15 3
2 44
44 34
3 39
29 13
41 38
49 1
29 20
19 44
22 20
0 39
17 10
32 39
34 41
3 37
41 18
43 44
14 37
30 20
26 9
33 20
0 32
23 31
2 42
25 24
14 27
15 33
40 48
22 24
41 25
13 32
45 6
28 10
45 11
30 24
22 15
44 22
47 19
4 49
12 31
25 28
11 41
12 1
41 36
27 32
14 42
16 9
49 47
21 46
8 3
20 30
18 14
5 15
36 9
16 48
42 44
28 3
35 42
4 28
29 33
10 43
26 28
4 27
25 26
23 33
31 44
16 0
10 21
17 46
32 36
46 24
30 27
28 17
19 34
45 0
18 7
45 44
35 0
23 11
28 46
46 11
42 12
13 5
33 33
1 17
19 0
42 1
27 20
18 48
6 15
49 24
24 44
20 9
46 45
22 26
42 19
38 36
33 3
41 19
36 45
36 5
45 28
6 24
0 26
22 7
43 21
33 17
18 6
29 16
1 1
45 45
22 35
34 6
38 25
25 25
22 11
32 17
40 41
41 42
17 16
49 13
37 35
30 7
41 9
26 44
13 21
42 35
6 26
41 44
3 18
21 26
30 4
43 22
45 37
14 14
5 16
27 42
3 10
2 46
19 28
42 34
1 34
20 7
10 13
3 14
32 25
40 14
31 35
38 28
24 4
42 29
22 22
24 25
32 26
23 3
6 16
38 7
0 10
16 11
23 19
27 7
46 17
23 27
4 13
7 29
18 2
8 40
24 32
18 8
10 43
13 18
9 1
25 10
13 41
23 39
13 0
48 9
19 22
39 25
35 46
4 5
48 15
48 24
49 18
32 10
11 46
28 21
49 6
33 15
47 6
4 10
8 2
22 29
26 11
4 14
7 11
19 8
26 19
32 25
37 15
37 49
13 18
22 14
24 5
29 23
13 35
36 23
38 8
4 16
21 10
32 30
21 4
38 49
23 21
27 11
38 14
12 3
34 36
17 10
41 49
34 6
34 22
29 24
32 35
41 3
45 23
33 19
27 22
18 3
45 47
16 35
12 30
38 48
16 7
9 7
6 43
15 43
17 44
17 49
31 10
2 26
36 37
45 15
11 16
20 6
13 36
43 27
16 31
26 32
41 35
41 49
30 6
42 49
2 12
48 33
24 0
12 10
37 9
28 49
25 48
7 41
37 1
18 3
34 46
38 25
33 31
25 15
38 19
14 42
31 12
28 6
14 40
18 4
1 48
5 27
49 14
18 36
15 38
41 2
35 29
27 20
11 4
36 1
24 0
45 5
15 23
13 31
15 34
35 17
32 40
46 31
7 16
17 22
4 9
26 41
40 4
14 3
10 0
6 34
2 2
42 19
27 7
1 45
41 36
