N900	32.0	3.5	10899.0
N97	32.0	3.5	9899.0
N97Mini	8.0	3.2	8449.0
N95	0.160	2.6	5999.0
N86	8.0	2.6	8199.0
E75	0.100	2.4	6749.0
E72	0.250	2.4	6849.0
E71	0.110	2.36	5289.0
E63	0.110	2.36	3849.0
E52	0.060	2.4	4949.0
X6	16.0	3.2	6689.0
X3	0.046	2.2	2849.0
X2	0.048	2.2	2349.0
C6	0.240	3.2	5729.0
C5	0.050	2.2	3479.0
C3	0.055	2.4	2799.0
C1-00	0.000	1.8	799.0
7610	0.030	2.0	3819.0	
7310	0.032	2.0	2229.0	
7230	0.045	2.4	2589.0
7210	0.030	2.0	2069.0
7100	0.004	2.2	1729.0
6760	0.120	2.4	4579.0
6720	0.050	2.2	4749.0
6700	0.170	2.2	4899.0
6700	0.060	2.2	3949.0
6600	0.018	2.31	2649.0	
6303	0.017	2.2	2599.0	
6303i	0.055	2.2	2649.0	
6120	0.035	2.0	2979.0	
6085	0.004	2.2	1799.0	
5800	0.081	3.2	5299.0	
5530	0.070	2.9	4299.0	
5310	0.030	2.2	2999.0	
5233	0.070	3.2	2749.0	
5230	0.070	3.2	3289.0	
5130	0.030	2.2	1889.0	
5030	0.006	1.8	749.0	
2760	0.010	2.0	1099.0	
2730	0.030	2.0	1819.0	
2700	0.032	2.0	1569.0	
2690	0.000	1.8	1349.0	
2330	0.010	2.0	1109.0	
2323	0.004	1.8	919.0	
2220	0.032	1.8	1099.0	
1800	0.000	1.8	689.0	
1680	0.004	1.8	889.0	
1661	0.004	1.8	659.0	
